||0123456789abcdef|----------------|----------------|----------------||
||1---2---3---4---|----------------|----------------|----------------||
||----------------|----------------|----------------|----------------||

16th note subdiv

Intro
  0000000000000000 0000000000000000 0000000000000000 0000000000000000
  0000000000000000 0000000000000000 0000000000000000 0000000000000000
  0000000000000000 0000000000000000 0000000000000000 0000000000000000

Verse
  0000100000001000 0000100000001000 0000100000001000 0000100000001000
  1000000010000000 1000000010000000 1000000010000000 1000000010000000
  0000000000000000 0000000000000000 0000000000000000 0000000000000000

PC
  0000000000000000 0000000000000000 0000000000001000 0000000000100000
  1010001000000000 1010001000001000 1010001000000000 1010001000001000
  0000000000001000 0000000000000000 0000000000000000 0000000000000000
C
  0000000000001000 0000000000001000 1010001000001000 0000000000100000
  0000000000000000 1010001000000000 0000000000000000 1010001000001000
  1010001000000000 0000000000000000 0000000000000000 0000000000000000
B
  0000000000000000 1000000000000000 0000000000000000 0000000000000000
  1000000000000000 0000000000000000 0000000000000000 1000000000000000
  0000000000000000 0000000000000000 1000000000000000 0000000000000000

8th note subdiv

Intro
  00000000 00000000 00000000 00000000
  00000000 00000000 00000000 00000000
  00000000 00000000 00000000 00000000

Verse
  00100010 00100010 00100010 00100010 
  10001000 10001000 10001000 10001000 
  00000000 00000000 00000000 00000000

PC
  00000000 00000000 00000010 00000100
  11010000 11010010 11010000 11010010
  00000010 00000000 00000000 00000000

C
  00000010 00000010 11010010 00000010
  00000000 11010000 00000000 11010100
  11010000 00000000 00000000 00000000

B
  00000000 10000000 10000000 00000000
  10000000 00000000 00000000 10000000
  00000000 00000000 00000000 00000000