||01234567|--------|--------|--------||
||1-2-3-4-|--------|--------|--------||
||--------|--------|--------|--------||

What I've Done

Buffer

  00 00000000 00000000 00000000 
  00 00000000 00000000 00000000 
  00 00000000 00000000 00000000 

  00 00000000 00000000 00000000

  00000000 00000000 10000000 00000000
  10000000 10000000 10000000 10000000
  10000000 00000000 00000000 00000000

  30000000 20000000 60000000 20000000

  00100100 00100100 10100100 00100100
  10011000 10011000 10011000 10011011
  10000000 00000000 00000000 00000000

  30422400 20422400 60422400 20422422

  11111100 11111111 11111100 00000000
  11111111 11111100 11111111 11111111
  00000000 00000000 00000000 11111100

  66666622 66666644 66666622 33333322

  11111100 11111111 11111100 00000000
  11111111 11111100 11111111 11111111
  00000000 00000000 00000000 11111100

  66666622 66666644 66666622 33333322

  00000000
  10000000
  00000000

  20000000



  00 00000000 00000000 00000000
  30000000 20000000 60000000 20000000
  30422400 20422400 60422400 20422422
  66666622 66666644 66666622 33333322
  66666622 66666644 66666622 33333322
  20000000

Verse

  00000000 00100100 00100100 00100100
  00101000 10011000 10011000 10011000
  00000010 00000000 00000000 00000000

  00202010 20422400 20422400 20422400

  00000000 00100100 00100100 00100100
  10101000 10011000 10011000 10011000
  00000010 00000000 00000000 00000000

  20202010 20422400 20422400 20422400



  00202010 20422400 20422400 20422400
  20202010 20422400 20422400 20422400

PC

  00101000 00000000 00001000 00000000
  00000010 00000000 10000000 10000000
  00000000 10000000 00000000 00000000

  00404020 10000000 20004000 20000000

  10000000
  10001000
  00001000
  
  60003000



  00404020 10000000 20004000 20000000
  60003000

C

  11111100 11111111 11111100 00000000
  11111111 11111100 11111111 11111111
  00000000 00000000 00000000 11111100

  66666622 66666644 66666622 33333322

  11111100 11111111 11111100 00000000
  11111111 11111100 11111111 11111111
  00000000 00000000 00000000 11111100

  66666622 66666644 66666622 33333322



  66666622 66666644 66666622 33333322
  66666622 66666644 66666622 33333322

Verse 2

  00000000 00100100 00100100
  10000000 10011000 10011000
  00000000 00000000 00000000

  20000000 20422400 20422400

  00000000 00100100 00100100 00100100
  10101000 10011000 10011000 10011000
  00000010 00000000 00000000 00000000

  20202010 20422400 20422400 20422400



  20000000 20422400 20422400
  20202010 20422400 20422400 20422400

PC

  00101000 00000000 00001000 00000000
  00000010 00000000 10000000 10000000
  00000000 10000000 00000000 00000000

  00404020 10000000 20004000 20000000

  10000000
  10001000
  00001000

  60003000



  00404020 10000000 20004000 20000000
  60003000

C

  11111100 11111111 11111100 00000000
  11111111 11111100 11111111 11111111
  00000000 00000000 00000000 11111100

  66666622 66666644 66666622 33333322

  11111100 11111111 11111100 00000000
  11111111 11111100 11111111 00001111
  00000000 00000000 00000000 11111111

  66666622 66666644 66666622 11113333

  00000000 
  11111010 
  00000101 

  22222121



  66666622 66666644 66666622 33333322
  66666622 66666644 66666622 11113333
  22222121

B

  00000010 10000000 00000010 10001000
  10101010 00000010 10101000 10000000
  00000000 00000101 00000000 00000010

  20202060 40000121 20202040 60004010

  00000010 10000000 00000010 10000000
  10101010 00000010 10101000 10100010
  00000000 00000101 00000000 00001000

  20202060 40000121 20202040 60201020

  10000000
  00100010
  00001000

  40201020



  20202060 40000121 20202040 60004010
  20202060 40000121 20202040 60201020
  40201020

C2

  10000000 10000000 00101000 10000000
  00000000 00100000 00000010 10001000
  00000000 00001000 00000000 00000000

  40000000 40201000 00404020 60002000

  10000000 10000000 00101000 10000000
  10000000 00100000 00000010 10000000
  00000000 00001000 00000000 00000000

  60000000 40201000 00404020 60000000

  00000000
  10000000
  10000000

  30000000



  40000000 40201000 00404020 60002000
  60000000 40201000 00404020 60000000
  30000000

C

  11111100 11111111 11111100 00000000
  11111111 11111100 11111111 11111111
  00000000 00000000 00000000 11111100

  66666622 66666644 66666622 33333322

  11111100 11111111 11111100 00000000
  11111111 11111100 11111111 11110011
  00000000 00000000 00000000 11111100

  66666622 66666644 66666622 33331122

  11111100 11111111 11111100 00000000
  11111111 11111100 11111111 11111111
  00000000 00000000 00000000 11111100

  66666622 66666644 66666622 33333322

  11111100 11111111 11111100 00000000
  11111111 11111100 11111111 11110011
  00000000 00000000 00000000 11111100

  66666622 66666644 66666622 33331122

  10000000 00000010 00000000 00000000
  00001000 10001000 00001000 10000010
  00000010 00000000 10000010 00001000

  40002010 20002040 10002010 20001020




  66666622 66666644 66666622 33333322
  66666622 66666644 66666622 33331122
  66666622 66666644 66666622 33333322
  66666622 66666644 66666622 33331122
  40002010 20002040 10002010 20001020


uint8 beatmap

0,0, 0,0,0,0,0,0,0,0, 0,0,0,0,0,0,0,0, 0,0,0,0,0,0,0,0,
3,0,0,0,0,0,0,0, 2,0,0,0,0,0,0,0, 6,0,0,0,0,0,0,0, 2,0,0,0,0,0,0,0,
3,0,4,2,2,4,0,0, 2,0,4,2,2,4,0,0, 6,0,4,2,2,4,0,0, 2,0,4,2,2,4,2,2,
6,6,6,6,6,6,2,2, 6,6,6,6,6,6,4,4, 6,6,6,6,6,6,2,2, 3,3,3,3,3,3,2,2,
6,6,6,6,6,6,2,2, 6,6,6,6,6,6,4,4, 6,6,6,6,6,6,2,2, 3,3,3,3,3,3,2,2,
2,0,0,0,0,0,0,0,

0,0,2,0,2,0,1,0, 2,0,4,2,2,4,0,0, 2,0,4,2,2,4,0,0, 2,0,4,2,2,4,0,0,
2,0,2,0,2,0,1,0, 2,0,4,2,2,4,0,0, 2,0,4,2,2,4,0,0, 2,0,4,2,2,4,0,0,

0,0,4,0,4,0,2,0, 1,0,0,0,0,0,0,0, 2,0,0,0,4,0,0,0, 2,0,0,0,0,0,0,0,
6,0,0,0,3,0,0,0,

6,6,6,6,6,6,2,2, 6,6,6,6,6,6,4,4, 6,6,6,6,6,6,2,2, 3,3,3,3,3,3,2,2,
6,6,6,6,6,6,2,2, 6,6,6,6,6,6,4,4, 6,6,6,6,6,6,2,2, 3,3,3,3,3,3,2,2,

2,0,0,0,0,0,0,0, 2,0,4,2,2,4,0,0, 2,0,4,2,2,4,0,0,
2,0,2,0,2,0,1,0, 2,0,4,2,2,4,0,0, 2,0,4,2,2,4,0,0, 2,0,4,2,2,4,0,0,

0,0,4,0,4,0,2,0, 1,0,0,0,0,0,0,0, 2,0,0,0,4,0,0,0, 2,0,0,0,0,0,0,0,
6,0,0,0,3,0,0,0,

6,6,6,6,6,6,2,2, 6,6,6,6,6,6,4,4, 6,6,6,6,6,6,2,2, 3,3,3,3,3,3,2,2,
6,6,6,6,6,6,2,2, 6,6,6,6,6,6,4,4, 6,6,6,6,6,6,2,2, 1,1,1,1,3,3,3,3,
2,2,2,2,2,1,2,1,

2,0,2,0,2,0,6,0, 4,0,0,0,0,1,2,1, 2,0,2,0,2,0,4,0, 6,0,0,0,4,0,1,0,
2,0,2,0,2,0,6,0, 4,0,0,0,0,1,2,1, 2,0,2,0,2,0,4,0, 6,0,2,0,1,0,2,0,
4,0,2,0,1,0,2,0,

4,0,0,0,0,0,0,0, 4,0,2,0,1,0,0,0, 0,0,4,0,4,0,2,0, 6,0,0,0,2,0,0,0,
6,0,0,0,0,0,0,0, 4,0,2,0,1,0,0,0, 0,0,4,0,4,0,2,0, 6,0,0,0,0,0,0,0,
3,0,0,0,0,0,0,0,

6,6,6,6,6,6,2,2, 6,6,6,6,6,6,4,4, 6,6,6,6,6,6,2,2, 3,3,3,3,3,3,2,2,
6,6,6,6,6,6,2,2, 6,6,6,6,6,6,4,4, 6,6,6,6,6,6,2,2, 3,3,3,3,1,1,2,2,
6,6,6,6,6,6,2,2, 6,6,6,6,6,6,4,4, 6,6,6,6,6,6,2,2, 3,3,3,3,3,3,2,2,
6,6,6,6,6,6,2,2, 6,6,6,6,6,6,4,4, 6,6,6,6,6,6,2,2, 3,3,3,3,1,1,2,2,
4,0,0,0,2,0,1,0, 2,0,0,0,2,0,4,0, 1,0,0,0,2,0,1,0, 2,0,0,0,1,0,2,0