||01234567|--------|--------|--------||
||1-2-3-4-|--------|--------|--------||
||--------|--------|--------|--------||

Derezzed

Intro Buffer

  00000000 00000000 00000000 00000000 00000000 00000000
  00000000 00000000 00000000 00000000 00000000 00000000
  00000000 00000000 00000000 00000000 00000000 00000000

  00000000 00000000 00000000 00000000 00000000 00000000

Verse

  00000000 00000000 10000000 00000000 00000000 00000000
  00000000 10000000 00000000 10000000 00000000 10000000
  10000000 00000000 00000000 00000000 10000000 00000000

  10000000 20000000 40000000 20000000 10000000 20000000

  10000000 00000000 00000000 00000000
  00000000 10000000 00000000 10000000
  00000000 00000000 10000000 00000000

  40000000 20000000 10000000 20000000

Verse 2

  00000000 00000000 10001000 00000000 00000000 00000000
  00100010 10101010 00100010 10101010 00100010 10101010
  10001000 00000000 00000000 00000000 10001000 00000000

  10201020 20202020 40204020 20202020 10201020 20202020

  10001000 00000000 00000000
  00100010 10101010 00000000
  00000000 00000000 10000000

  40204020 20202020 10000000

Chorus 1

  00000000 00000000 10001000 00000000
  00100010 10101010 00100010 10101010
  10001000 00000000 00000000 00000000

  10201020 20202020 40204020 20202020

  00000100 00000100 00101000 00000000 10000000
  10000000 10100000 00000000 10000000 00000000
  00000000 00000000 10000010 00000000 00000000

  20000400 20200400 10404010 20000000 40000000

  00001000 00000000 00001000 00000000 00001000 00000000
  10000000 10000000 10000000 10000000 10000000 00001000
  00000000 00001000 00000000 00001000 00000000 10000000

  20004000 20001000 20004000 20001000 20004000 10002000

  00000000 00000000 00001000 00000000 00000000 
  00000000 00001000 00000000 00001000 00000000 
  00001000 00000000 00000000 00000000 00001000 

  00001000 00002000 00004000 00002000 00001000

  00000010 00100000 00000010 00100000 00000000 10000000 0
  00001000 10001000 10001000 10001000 10001000 00000000 1
  00000000 00000010 00100000 00000010 00100000 00001000 0

  00002040 20402010 20102040 20402010 20102000 40001000 2


uint8 array

0,0,0,0,0,0,0,0, 0,0,0,0,0,0,0,0, 0,0,0,0,0,0,0,0, 0,0,0,0,0,0,0,0, 0,0,0,0,0,0,0,0, 0,0,0,0,0,0,0,0,

1,0,0,0,0,0,0,0, 2,0,0,0,0,0,0,0, 4,0,0,0,0,0,0,0, 2,0,0,0,0,0,0,0, 1,0,0,0,0,0,0,0, 2,0,0,0,0,0,0,0,

4,0,0,0,0,0,0,0, 2,0,0,0,0,0,0,0, 1,0,0,0,0,0,0,0, 2,0,0,0,0,0,0,0,


1,0,2,0,1,0,2,0, 2,0,2,0,2,0,2,0, 4,0,2,0,4,0,2,0, 2,0,2,0,2,0,2,0, 1,0,2,0,1,0,2,0, 2,0,2,0,2,0,2,0,

4,0,2,0,4,0,2,0, 2,0,2,0,2,0,2,0, 1,0,0,0,0,0,0,0,


1,0,2,0,1,0,2,0, 2,0,2,0,2,0,2,0, 4,0,2,0,4,0,2,0, 2,0,2,0,2,0,2,0,

2,0,0,0,0,4,0,0, 2,0,2,0,0,4,0,0, 1,0,4,0,4,0,1,0, 2,0,0,0,0,0,0,0, 4,0,0,0,0,0,0,0,

2,0,0,0,4,0,0,0, 2,0,0,0,1,0,0,0, 2,0,0,0,4,0,0,0, 2,0,0,0,1,0,0,0, 2,0,0,0,4,0,0,0, 1,0,0,0,2,0,0,0,

0,0,0,0,1,0,0,0, 0,0,0,0,2,0,0,0, 0,0,0,0,4,0,0,0, 0,0,0,0,2,0,0,0, 0,0,0,0,1,0,0,0,

0,0,0,0,2,0,4,0, 2,0,4,0,2,0,1,0, 2,0,1,0,2,0,4,0, 2,0,4,0,2,0,1,0, 2,0,1,0,2,0,0,0, 4,0,0,0,1,0,0,0, 2
